8548.6103 0.0
8548.8546 0.0
8549.0989 0.0
8549.3432 0.0
8549.5876 0.0
8549.8319 0.0
8550.0762 0.0
8550.3205 0.0
8550.5648 0.0
8550.8091 0.0
8551.0534 0.0
8551.2977 0.0
8551.5421 0.0
8551.7864 0.0
8552.0307 0.0
8552.275 0.0
8552.5193 0.0
8552.7636 0.0
8553.0079 0.0
8553.2522 0.0
8553.4966 0.0
8553.7409 0.0
8553.9852 0.0
8554.2295 0.0
8554.4738 0.0
8554.7181 0.0
8554.9624 0.0
8555.2067 0.0
8555.4511 0.0
8555.6954 0.0
8555.9397 0.0
8556.184 0.0
8556.4283 0.0
8556.6726 0.0
8556.9169 0.0
8557.1612 0.0
8557.4056 0.0
8557.6499 0.0
8557.8942 0.0
8558.1385 0.0
8558.3828 0.0
8558.6271 0.0
8558.8714 0.0
8559.1157 0.0
8559.3601 0.0
8559.6044 0.0
8559.8487 0.0
8560.093 0.0
8560.3373 0.0
8560.5816 0.0
8560.8259 0.0
8561.0702 0.0
8561.3146 0.0
8561.5589 0.0
8561.8032 0.0
8562.0475 0.0
8562.2918 0.0
8562.5361 0.0
8562.7804 0.0
8563.0247 0.0
8563.2691 0.0
8563.5134 0.0
8563.7577 0.0
8564.002 0.0
8564.2463 0.0
8564.4906 0.0
8564.7349 0.0
8564.9792 0.0
8565.2236 0.0
8565.4679 0.0
8565.7122 0.0
8565.9565 0.0
8566.2008 0.0
8566.4451 0.0
8566.6894 0.0
8566.9337 0.0
8567.1781 0.0
8567.4224 0.0
8567.6667 0.0
8567.911 0.0
8568.1553 0.0
8568.3996 0.0
8568.6439 0.0
8568.8882 0.0
8569.1326 0.0
8569.3769 0.0
8569.6212 0.0
8569.8655 0.0
8570.1098 0.0
8570.3541 0.0
8570.5984 0.0
8570.8427 0.0
8571.0871 0.0
8571.3314 0.0
8571.5757 0.0
8571.82 0.0
8572.0643 0.0
8572.3086 0.0
8572.5529 0.0
8572.7972 0.0
8573.0415 0.0
8573.2859 0.0
8573.5302 0.0
8573.7745 0.0
8574.0188 0.0
8574.2631 0.0
8574.5074 0.0
8574.7517 0.0
8574.996 0.0
8575.2404 0.0
8575.4847 0.0
8575.729 0.0
8575.9733 0.0
8576.2176 0.0
8576.4619 0.0
8576.7062 0.0
8576.9505 0.0
8577.1949 0.0
8577.4392 0.0
8577.6835 0.0
8577.9278 0.0
8578.1721 0.0
8578.4164 0.0
8578.6607 0.0
8578.905 0.0
8579.1494 0.0
8579.3937 0.0
8579.638 0.0
8579.8823 0.0
8580.1266 0.0
8580.3709 0.0
8580.6152 0.0
8580.8595 0.0
8581.1039 0.0
8581.3482 0.0
8581.5925 0.0
8581.8368 0.0
8582.0811 0.0
8582.3254 0.0
8582.5697 0.0
8582.814 0.0
8583.0584 0.0
8583.3027 0.0
8583.547 0.0
8583.7913 0.0
8584.0356 0.0
8584.2799 0.0
8584.5242 0.0
8584.7685 0.0
8585.0129 0.0
8585.2572 0.0
8585.5015 0.0
8585.7458 0.0
8585.9901 0.0
8586.2344 0.0
8586.4787 0.0
8586.723 0.0
8586.9674 0.0
8587.2117 0.0
8587.456 0.0
8587.7003 0.0
8587.9446 0.0
8588.1889 0.0
8588.4332 -0.0
8588.6775 -0.0001
8588.9219 -0.0001
8589.1662 -0.0001
8589.4105 -0.0002
8589.6548 -0.0003
8589.8991 -0.0004
8590.1434 -0.0006
8590.3877 -0.0008
8590.632 -0.0011
8590.8764 -0.0015
8591.1207 -0.002
8591.365 -0.0026
8591.6093 -0.0034
8591.8536 -0.0044
8592.0979 -0.0057
8592.3422 -0.0072
8592.5865 -0.0091
8592.8309 -0.0114
8593.0752 -0.0141
8593.3195 -0.0173
8593.5638 -0.021
8593.8081 -0.0252
8594.0524 -0.03
8594.2967 -0.0354
8594.541 -0.0413
8594.7853 -0.0478
8595.0297 -0.0548
8595.274 -0.0622
8595.5183 -0.0699
8595.7626 -0.0779
8596.0069 -0.0859
8596.2512 -0.0939
8596.4955 -0.1016
8596.7398 -0.1089
8596.9842 -0.1156
8597.2285 -0.1215
8597.4728 -0.1266
8597.7171 -0.1306
8597.9614 -0.1334
8598.2057 -0.135
8598.45 -0.1354
8598.6943 -0.1344
8598.9387 -0.1322
8599.183 -0.1288
8599.4273 -0.1243
8599.6716 -0.1188
8599.9159 -0.1125
8600.1602 -0.1054
8600.4045 -0.0979
8600.6488 -0.0901
8600.8932 -0.0821
8601.1375 -0.0741
8601.3818 -0.0662
8601.6261 -0.0587
8601.8704 -0.0514
8602.1147 -0.0447
8602.359 -0.0385
8602.6033 -0.0328
8602.8477 -0.0277
8603.092 -0.0231
8603.3363 -0.0192
8603.5806 -0.0157
8603.8249 -0.0128
8604.0692 -0.0103
8604.3135 -0.0082
8604.5578 -0.0065
8604.8022 -0.0051
8605.0465 -0.0039
8605.2908 -0.003
8605.5351 -0.0023
8605.7794 -0.0017
8606.0237 -0.0013
8606.268 -0.0009
8606.5123 -0.0007
8606.7567 -0.0005
8607.001 -0.0004
8607.2453 -0.0003
8607.4896 -0.0002
8607.7339 -0.0001
8607.9782 -0.0001
8608.2225 -0.0001
8608.4668 0.0
8608.7112 0.0
8608.9555 0.0
8609.1998 0.0
8609.4441 0.0
8609.6884 0.0
8609.9327 0.0
8610.177 0.0
8610.4213 0.0
8610.6657 0.0
8610.91 0.0
8611.1543 0.0
8611.3986 0.0
8611.6429 0.0
8611.8872 0.0
8612.1315 0.0
8612.3758 0.0
8612.6202 0.0
8612.8645 0.0
8613.1088 0.0
8613.3531 0.0
8613.5974 0.0
8613.8417 0.0
8614.086 0.0
8614.3303 0.0
8614.5747 0.0
8614.819 0.0
8615.0633 0.0
8615.3076 0.0
8615.5519 0.0
8615.7962 0.0
8616.0405 0.0
8616.2848 0.0
8616.5292 0.0
8616.7735 0.0
8617.0178 0.0
8617.2621 0.0
8617.5064 0.0
8617.7507 0.0
8617.995 0.0
8618.2393 0.0
8618.4836 0.0
8618.728 0.0
8618.9723 0.0
8619.2166 0.0
8619.4609 0.0
8619.7052 0.0
8619.9495 0.0
8620.1938 0.0
8620.4381 0.0
8620.6825 0.0
8620.9268 0.0
8621.1711 0.0
8621.4154 0.0
8621.6597 0.0
8621.904 0.0
8622.1483 0.0
8622.3926 0.0
8622.637 0.0
8622.8813 0.0
8623.1256 0.0
8623.3699 0.0
8623.6142 0.0
8623.8585 0.0
8624.1028 0.0
8624.3471 0.0
8624.5915 0.0
8624.8358 0.0
8625.0801 0.0
8625.3244 0.0
8625.5687 0.0
8625.813 0.0
8626.0573 0.0
8626.3016 0.0
8626.546 0.0
8626.7903 0.0
8627.0346 0.0
8627.2789 0.0
8627.5232 0.0
8627.7675 0.0
8628.0118 0.0
8628.2561 0.0
8628.5005 0.0
8628.7448 0.0
8628.9891 0.0
8629.2334 0.0
8629.4777 0.0
8629.722 0.0
8629.9663 0.0
8630.2106 0.0
8630.455 0.0
8630.6993 0.0
8630.9436 0.0
8631.1879 0.0
8631.4322 0.0
8631.6765 0.0
8631.9208 0.0
8632.1651 0.0
8632.4095 0.0
8632.6538 0.0
8632.8981 0.0
8633.1424 0.0
8633.3867 0.0
8633.631 0.0
8633.8753 0.0
8634.1196 0.0
8634.364 0.0
8634.6083 0.0
8634.8526 0.0
8635.0969 0.0
8635.3412 0.0
8635.5855 0.0
8635.8298 0.0
8636.0741 0.0
8636.3185 0.0
8636.5628 0.0
8636.8071 0.0
8637.0514 0.0
8637.2957 0.0
8637.54 0.0
8637.7843 0.0
8638.0286 0.0
8638.273 0.0
8638.5173 0.0
8638.7616 0.0
8639.0059 0.0
8639.2502 0.0
8639.4945 0.0
8639.7388 0.0
8639.9831 0.0
8640.2275 0.0
8640.4718 0.0
8640.7161 0.0
8640.9604 0.0
8641.2047 0.0
8641.449 0.0
8641.6933 0.0
8641.9376 0.0
8642.1819 0.0
8642.4263 0.0
8642.6706 0.0
8642.9149 0.0
8643.1592 0.0
8643.4035 0.0
8643.6478 0.0
8643.8921 0.0
8644.1364 0.0
8644.3808 0.0
8644.6251 0.0
8644.8694 0.0
8645.1137 0.0
8645.358 0.0
8645.6023 0.0
8645.8466 0.0
8646.0909 0.0
8646.3353 0.0
8646.5796 0.0
8646.8239 0.0
8647.0682 0.0
8647.3125 0.0
8647.5568 0.0
8647.8011 0.0
8648.0454 0.0
8648.2898 0.0
8648.5341 0.0
8648.7784 0.0
8649.0227 0.0
8649.267 0.0
8649.5113 0.0
8649.7556 0.0
8649.9999 0.0
8650.2443 0.0
8650.4886 0.0
8650.7329 0.0
8650.9772 0.0
8651.2215 0.0
8651.4658 0.0
8651.7101 0.0
8651.9544 0.0
8652.1988 0.0
8652.4431 0.0
8652.6874 0.0
8652.9317 0.0
8653.176 0.0
8653.4203 0.0
8653.6646 0.0
8653.9089 0.0
8654.1533 0.0
8654.3976 0.0
8654.6419 0.0
8654.8862 0.0
8655.1305 -0.0001
8655.3748 -0.0001
8655.6191 -0.0002
8655.8634 -0.0002
8656.1078 -0.0003
8656.3521 -0.0005
8656.5964 -0.0007
8656.8407 -0.0009
8657.085 -0.0013
8657.3293 -0.0018
8657.5736 -0.0024
8657.8179 -0.0031
8658.0623 -0.0041
8658.3066 -0.0054
8658.5509 -0.007
8658.7952 -0.0089
8659.0395 -0.0114
8659.2838 -0.0143
8659.5281 -0.0178
8659.7724 -0.0219
8660.0168 -0.0268
8660.2611 -0.0324
8660.5054 -0.0389
8660.7497 -0.0461
8660.994 -0.0543
8661.2383 -0.0632
8661.4826 -0.0729
8661.7269 -0.0833
8661.9713 -0.0943
8662.2156 -0.1057
8662.4599 -0.1174
8662.7042 -0.1291
8662.9485 -0.1407
8663.1928 -0.1518
8663.4371 -0.1623
8663.6814 -0.1718
8663.9258 -0.1802
8664.1701 -0.1871
8664.4144 -0.1925
8664.6587 -0.1962
8664.903 -0.198
8665.1473 -0.1979
8665.3916 -0.196
8665.6359 -0.1922
8665.8802 -0.1868
8666.1246 -0.1797
8666.3689 -0.1713
8666.6132 -0.1617
8666.8575 -0.1512
8667.1018 -0.14
8667.3461 -0.1285
8667.5904 -0.1167
8667.8347 -0.1051
8668.0791 -0.0937
8668.3234 -0.0827
8668.5677 -0.0723
8668.812 -0.0627
8669.0563 -0.0538
8669.3006 -0.0457
8669.5449 -0.0385
8669.7892 -0.0321
8670.0336 -0.0265
8670.2779 -0.0217
8670.5222 -0.0176
8670.7665 -0.0141
8671.0108 -0.0112
8671.2551 -0.0088
8671.4994 -0.0069
8671.7437 -0.0053
8671.9881 -0.0041
8672.2324 -0.0031
8672.4767 -0.0023
8672.721 -0.0017
8672.9653 -0.0013
8673.2096 -0.0009
8673.4539 -0.0007
8673.6982 -0.0005
8673.9426 -0.0003
8674.1869 -0.0002
8674.4312 -0.0002
8674.6755 -0.0001
8674.9198 -0.0001
8675.1641 0.0
8675.4084 0.0
8675.6527 0.0
8675.8971 0.0
8676.1414 0.0
8676.3857 0.0
8676.63 0.0
8676.8743 0.0
8677.1186 0.0
8677.3629 0.0
8677.6072 0.0
8677.8516 0.0
8678.0959 0.0
8678.3402 0.0
8678.5845 0.0
8678.8288 0.0
8679.0731 0.0
8679.3174 0.0
8679.5617 0.0
8679.8061 0.0
8680.0504 0.0
8680.2947 0.0
8680.539 0.0
8680.7833 0.0
8681.0276 0.0
8681.2719 0.0
8681.5162 0.0
8681.7606 0.0
8682.0049 0.0
8682.2492 0.0
8682.4935 0.0
8682.7378 0.0
8682.9821 0.0
8683.2264 0.0
8683.4707 0.0
8683.7151 0.0
8683.9594 0.0
8684.2037 0.0
8684.448 0.0
8684.6923 0.0
8684.9366 0.0
8685.1809 0.0
8685.4252 0.0
8685.6696 0.0
8685.9139 0.0
8686.1582 0.0
8686.4025 0.0
8686.6468 0.0
8686.8911 0.0
8687.1354 0.0
8687.3797 0.0
8687.6241 0.0
8687.8684 0.0
8688.1127 0.0
8688.357 0.0
8688.6013 0.0
8688.8456 0.0
8689.0899 0.0
8689.3342 0.0
8689.5785 0.0
8689.8229 0.0
8690.0672 0.0
8690.3115 0.0
8690.5558 0.0
8690.8001 0.0
8691.0444 0.0
8691.2887 0.0
8691.533 0.0
8691.7774 0.0
8692.0217 0.0
8692.266 0.0
8692.5103 0.0
8692.7546 0.0
8692.9989 0.0
8693.2432 0.0
8693.4875 0.0
8693.7319 0.0
8693.9762 0.0
8694.2205 0.0
8694.4648 0.0
8694.7091 0.0
8694.9534 0.0
8695.1977 0.0
8695.442 0.0
8695.6864 0.0
8695.9307 0.0
8696.175 0.0
8696.4193 0.0
8696.6636 0.0
8696.9079 0.0
8697.1522 0.0
8697.3965 0.0
8697.6409 0.0
8697.8852 0.0
8698.1295 0.0
8698.3738 0.0
8698.6181 0.0
8698.8624 0.0
8699.1067 0.0
8699.351 0.0
8699.5954 0.0
8699.8397 0.0
8700.084 0.0
8700.3283 0.0
8700.5726 0.0
8700.8169 0.0
8701.0612 0.0
8701.3055 0.0
8701.5499 0.0
8701.7942 0.0
8702.0385 0.0
8702.2828 0.0
8702.5271 0.0
8702.7714 0.0
8703.0157 0.0
8703.26 0.0
8703.5044 0.0
8703.7487 0.0
8703.993 0.0
8704.2373 0.0
8704.4816 0.0
8704.7259 0.0
8704.9702 0.0
8705.2145 0.0
8705.4589 0.0
8705.7032 0.0
8705.9475 0.0
8706.1918 0.0
8706.4361 0.0
8706.6804 0.0
8706.9247 0.0
8707.169 0.0
8707.4134 0.0
8707.6577 0.0
8707.902 0.0
8708.1463 0.0
8708.3906 0.0
8708.6349 0.0
8708.8792 0.0
8709.1235 0.0
8709.3679 0.0
8709.6122 0.0
8709.8565 0.0
8710.1008 0.0
8710.3451 0.0
8710.5894 0.0
8710.8337 0.0
8711.078 0.0
8711.3224 0.0
8711.5667 0.0
8711.811 0.0
8712.0553 0.0
8712.2996 0.0
8712.5439 0.0
8712.7882 0.0
8713.0325 0.0
8713.2768 0.0
8713.5212 0.0
8713.7655 0.0
8714.0098 0.0
8714.2541 0.0
8714.4984 0.0
8714.7427 0.0
8714.987 0.0
8715.2313 0.0
8715.4757 0.0
8715.72 0.0
8715.9643 0.0
8716.2086 0.0
8716.4529 0.0
8716.6972 0.0
8716.9415 0.0
8717.1858 0.0
8717.4302 0.0
8717.6745 0.0
8717.9188 0.0
8718.1631 0.0
8718.4074 0.0
8718.6517 0.0
8718.896 0.0
8719.1403 0.0
8719.3847 0.0
8719.629 0.0
8719.8733 0.0
8720.1176 0.0
8720.3619 0.0
8720.6062 0.0
8720.8505 0.0
8721.0948 0.0
8721.3392 0.0
8721.5835 0.0
8721.8278 0.0
8722.0721 0.0
8722.3164 0.0
8722.5607 0.0
8722.805 0.0
8723.0493 0.0
8723.2937 0.0
8723.538 0.0
8723.7823 0.0
8724.0266 0.0
8724.2709 0.0
8724.5152 0.0
8724.7595 0.0
8725.0038 0.0
8725.2482 0.0
8725.4925 0.0
8725.7368 0.0
8725.9811 0.0
8726.2254 0.0
8726.4697 0.0
8726.714 0.0
8726.9583 0.0
8727.2027 0.0
8727.447 0.0
8727.6913 0.0
8727.9356 0.0
8728.1799 0.0
8728.4242 0.0
8728.6685 0.0
8728.9128 0.0
8729.1572 0.0
8729.4015 0.0
8729.6458 0.0
8729.8901 0.0
8730.1344 0.0
8730.3787 0.0
8730.623 0.0
8730.8673 0.0
8731.1117 0.0
8731.356 0.0
8731.6003 0.0
8731.8446 0.0
8732.0889 0.0
8732.3332 0.0
8732.5775 0.0
8732.8218 0.0
8733.0662 0.0
8733.3105 0.0
8733.5548 0.0
8733.7991 0.0
8734.0434 0.0
8734.2877 0.0
8734.532 0.0
8734.7763 0.0
8735.0207 0.0
8735.265 0.0
8735.5093 0.0
8735.7536 0.0
8735.9979 0.0
8736.2422 0.0
8736.4865 0.0
8736.7308 0.0
8736.9751 0.0
8737.2195 0.0
8737.4638 0.0
8737.7081 0.0
8737.9524 0.0
8738.1967 0.0
8738.441 0.0
8738.6853 0.0
8738.9296 0.0
8739.174 0.0
8739.4183 0.0
8739.6626 0.0
8739.9069 0.0
8740.1512 0.0
8740.3955 0.0
8740.6398 -0.0001
8740.8841 -0.0002
8741.1285 -0.0002
8741.3728 -0.0003
8741.6171 -0.0005
8741.8614 -0.0007
8742.1057 -0.001
8742.35 -0.0013
8742.5943 -0.0018
8742.8386 -0.0025
8743.083 -0.0033
8743.3273 -0.0044
8743.5716 -0.0058
8743.8159 -0.0075
8744.0602 -0.0097
8744.3045 -0.0124
8744.5488 -0.0158
8744.7931 -0.0198
8745.0375 -0.0246
8745.2818 -0.0302
8745.5261 -0.0369
8745.7704 -0.0445
8746.0147 -0.0532
8746.259 -0.0631
8746.5033 -0.074
8746.7476 -0.086
8746.992 -0.099
8747.2363 -0.1129
8747.4806 -0.1275
8747.7249 -0.1427
8747.9692 -0.1581
8748.2135 -0.1735
8748.4578 -0.1886
8748.7021 -0.2031
8748.9465 -0.2166
8749.1908 -0.2288
8749.4351 -0.2395
8749.6794 -0.2482
8749.9237 -0.2548
8750.168 -0.259
8750.4123 -0.2609
8750.6566 -0.2602
8750.901 -0.2571
8751.1453 -0.2517
8751.3896 -0.244
8751.6339 -0.2342
8751.8782 -0.2228
8752.1225 -0.2099
8752.3668 -0.1958
8752.6111 -0.181
8752.8555 -0.1657
8753.0998 -0.1502
8753.3441 -0.1349
8753.5884 -0.12
8753.8327 -0.1057
8754.077 -0.0923
8754.3213 -0.0798
8754.5656 -0.0683
8754.81 -0.0579
8755.0543 -0.0486
8755.2986 -0.0405
8755.5429 -0.0334
8755.7872 -0.0272
8756.0315 -0.022
8756.2758 -0.0176
8756.5201 -0.014
8756.7645 -0.011
8757.0088 -0.0086
8757.2531 -0.0066
8757.4974 -0.005
8757.7417 -0.0038
8757.986 -0.0029
8758.2303 -0.0021
8758.4746 -0.0016
8758.719 -0.0011
8758.9633 -0.0008
8759.2076 -0.0006
8759.4519 -0.0004
8759.6962 -0.0003
8759.9405 -0.0002
8760.1848 -0.0001
8760.4291 -0.0001
8760.6734 0.0
8760.9178 0.0
8761.1621 0.0
8761.4064 0.0
8761.6507 0.0
8761.895 0.0
8762.1393 0.0
8762.3836 0.0
8762.6279 0.0
8762.8723 0.0
8763.1166 0.0
8763.3609 0.0
8763.6052 0.0
8763.8495 0.0
8764.0938 0.0
8764.3381 0.0
8764.5824 0.0
8764.8268 0.0
8765.0711 0.0
8765.3154 0.0
8765.5597 0.0
8765.804 0.0
8766.0483 0.0
8766.2926 0.0
8766.5369 0.0
8766.7813 0.0
8767.0256 0.0
8767.2699 0.0
8767.5142 0.0
8767.7585 0.0
8768.0028 0.0
8768.2471 0.0
8768.4914 0.0
8768.7358 0.0
8768.9801 0.0
8769.2244 0.0
8769.4687 0.0
8769.713 0.0
8769.9573 0.0
8770.2016 0.0
8770.4459 0.0
8770.6903 0.0
8770.9346 0.0
8771.1789 0.0
8771.4232 0.0
8771.6675 0.0
8771.9118 0.0
8772.1561 0.0
8772.4004 0.0
8772.6448 0.0
8772.8891 0.0
8773.1334 0.0
8773.3777 0.0
8773.622 0.0
8773.8663 0.0
8774.1106 0.0
8774.3549 0.0
8774.5993 0.0
8774.8436 0.0
8775.0879 0.0
8775.3322 0.0
8775.5765 0.0
8775.8208 0.0
8776.0651 0.0
8776.3094 0.0
8776.5538 0.0
8776.7981 0.0
8777.0424 0.0
8777.2867 0.0
8777.531 0.0
8777.7753 0.0
8778.0196 0.0
8778.2639 0.0
8778.5083 0.0
8778.7526 0.0
8778.9969 0.0
8779.2412 0.0
8779.4855 0.0
8779.7298 0.0
8779.9741 0.0
8780.2184 0.0
8780.4628 0.0
8780.7071 0.0
8780.9514 0.0
8781.1957 0.0
8781.44 0.0
8781.6843 0.0
8781.9286 0.0
8782.1729 0.0
8782.4173 0.0
8782.6616 0.0
8782.9059 0.0
8783.1502 0.0
8783.3945 0.0
8783.6388 0.0
8783.8831 0.0
8784.1274 0.0
8784.3717 0.0
8784.6161 0.0
8784.8604 0.0
8785.1047 0.0
8785.349 0.0
8785.5933 0.0
8785.8376 0.0
8786.0819 0.0
8786.3262 0.0
8786.5706 0.0
8786.8149 0.0
8787.0592 0.0
8787.3035 0.0
8787.5478 0.0
8787.7921 0.0
8788.0364 0.0
8788.2807 0.0
8788.5251 0.0
8788.7694 0.0
8789.0137 0.0
8789.258 0.0
8789.5023 0.0
8789.7466 0.0
8789.9909 0.0
8790.2352 0.0
8790.4796 0.0
8790.7239 0.0
8790.9682 0.0
8791.2125 0.0
8791.4568 0.0
8791.7011 0.0
8791.9454 0.0
8792.1897 0.0
8792.4341 0.0
8792.6784 0.0
8792.9227 0.0
8793.167 0.0
8793.4113 0.0
8793.6556 0.0
8793.8999 0.0
8794.1442 0.0
8794.3886 0.0
8794.6329 0.0
8794.8772 0.0
8795.1215 0.0
8795.3658 0.0
8795.6101 0.0
8795.8544 0.0
8796.0987 0.0
8796.3431 0.0
8796.5874 0.0
8796.8317 0.0
8797.076 0.0
8797.3203 0.0
8797.5646 0.0
8797.8089 0.0
8798.0532 0.0
8798.2976 0.0
8798.5419 0.0
8798.7862 0.0
8799.0305 0.0
8799.2748 0.0
8799.5191 0.0
8799.7634 0.0
